weight
9.399535682
7.444633664
10.48851462
12.55294708
12.39670044
13.46626621
5.632824721
9.531637513
12.19004505
7.826598701
8.619591679
6.619135345
6.306178218
8.044741005
8.452985892
5.764137566
8.864150257
9.191904863
10.26970611
9.269014097
9.34601874
9.259518972
12.68528311
9.82943109
9.627684701
8.973585207
13.94442395
11.73134595
14.75130946
8.690186658
13.32291165
6.775204636
11.07789674
11.80438292
13.83783117
9.830965862
8.952409896
11.35027676
9.237352313
11.51522272
7.111626726
8.305524969
6.956858013
9.274245965
9.935041615
10.05623406
9.35456799
14.38900315
6.515034582
8.527046046
4.844838511
12.89534
7.440472725
8.692840109
11.51542736
10.93342351
11.74921752
11.19148353
7.256300048
7.768522917
11.38798896
10.64527285
8.120324562
9.518104232
10.26307134
11.1155953
10.27742999
8.178077476
13.76969183
10.97439624
10.14447778
11.65968231
11.72401542
8.726937065
8.153616616
12.22237759
7.597642505
6.882215783
11.4226498
11.27681233
14.41137672
12.88750925
12.6078078
10.22592076
10.00390173
10.90740286
9.948970526
7.890649865
6.450387698
11.65666279
10.88844899
11.23581231
10.42694637
7.946138137
12.47639036
9.377573658
8.320156465
8.357743607
9.142014531
9.093276983
8.952409896
11.6988588
11.02641479
8.783391675
12.60995876
6.478127287
11.10114343
9.767455847
10.08348252
8.69189196
8.900811988
11.69864052
11.60609034
10.91283255
11.38273663
13.26124791
10.60782895
11.17799118
13.7056725
9.328886133
12.07654921
10.28700924
12.28208137
9.703402409
8.440366653
12.15198725
8.836356099
11.06782409
11.09154371
9.367125838
9.118467713
7.26801434
13.9859151
8.86702426
10.1722583
9.531478352
15.67073585
12.50395715
11.76181402
12.66432835
10.37574182
11.08391532
9.500760168
7.557824827
12.53337021
9.422225301
7.38824954
11.52850816
11.56856458
10.85630973
10.80776317
8.703806341
11.44619662
11.05057552
12.15007731
4.461104507
10.92763003
12.93427547
6.55483407
10.09098812
12.70806595
13.37640813
10.4773301
10.29010153
13.7090831
9.914830369
8.686203071
11.81475116
9.980186658
12.07838639
10.86940872
12.90672688
9.757596925
8.076564225
6.922824721
4.869867805
10.20637572
10.59838385
9.964425115
10.40099849
10.51646566
12.95234713
10.17056891
7.766526576
7.220174919
10.38290636
11.90216269
6.982414814
8.780076567
11.04706487
9.566477982
9.312840373
9.673048023
9.120659595
8.394755494
11.289593
10.11764541
12.5269037
10.52437827
10.11427346
10.45390834
10.42898137
9.985082013
7.552331479
10.47072263
10.29644298
11.50484766
8.527646312
11.23284963
10.43822183
10.22869244
11.73624812
13.60567356
7.383220034
7.531494955
11.12006546
12.38139819
8.243592927
5.709240466
8.203643372
10.40396571
10.85815373
8.030129973
8.281527951
10.92337132
10.24317387
8.919802238
10.20499101
8.116991264
8.209364094
12.09314294
13.25318069
8.655866875
9.656135969
10.22545919
13.68961992
11.1900238
13.30960575
10.35411631
13.12036718
8.712478373
8.067801243
12.387942
11.83750217
6.541264409
12.54398856
9.600406682
7.73019681
6.241986082
8.350226633
10.94675215
11.83540124
9.861042852
9.892315827
10.42929514
9.295937414
11.85624685
9.011452019
14.68695362
11.48804702
11.22121492
8.037819751
11.7433922
12.89446689
8.537259671
9.397775809
7.320728653
12.70615601
12.0902371
10.36873644
5.617763489
11.01108526
11.0525082
12.43221166
8.083599166
12.41119324
8.876173777
8.532657628
6.550777723
12.74920239
8.06926553
13.09174538
7.665504452
9.181934527
7.384297785
13.17959348
10.05761194
10.66092525
11.95279426
13.89840352
9.878216386
7.940685716
8.861271706
11.69513214
11.74473826
11.02153081
7.027944119
7.207660272
9.712372301
8.742077878
8.7448723
11.7579805
8.323419277
9.770229806
9.535725692
13.03683009
7.365102899
8.129110281
9.665292307
7.877798705
7.131881173
5.673424564
11.16165211
9.322246822
10.8252232
5.902107912
12.3354005
6.102615114
8.965374743
8.047205736
9.799006218
10.26955377
13.47108653
8.98682745
8.410751232
8.50650056
11.17344371
12.56787644
7.129307303
11.93855158
13.17526428
8.666203282
10.16626927
8.343337211
11.39110398
10.47843287
10.0932846
7.94042651
9.400815796
11.44917976
9.980645953
12.00445811
7.972145138
11.51726454
12.48332071
7.660961526
10.79301117
6.437754817
10.15859314
12.01256626
12.07078756
10.21022061
8.476610017
11.15694547
10.92865093
11.45754711
8.101920937
11.19331162
13.22143023
10.46852165
9.229448804
10.49750497
13.63641448
5.198340912
10.03358309
9.753895281
11.97908776
12.47211574
13.27111593
6.361993908
11.60799118
10.73376668
11.48441814
10.96785698
9.729211595
13.31866431
10.90875801
9.937645043
9.95876351
9.895071596
6.634360286
10.88642309
10.38555754
11.30148237
9.66219093
11.65127858
12.64293249
13.80461643
7.378890839
11.24007329
9.568512976
8.51598659
11.47857918
14.66345227
12.69891643
10.35940275
9.053418378
9.523770384
7.803815859
10.14969373
9.482745352
11.27887688
7.451882336
11.03829962
11.95303983
8.272210178
10.74293894
11.06183052
11.95107077
9.546562321
10.46616151
9.161764208
11.02030981
13.15387297
9.682038379
7.952863851
8.157359187
11.45954345
13.19265382
8.736291218
8.335131295
12.04558546
10.44590479
10.89825335
15.19881723
8.841426532
8.430812411
12.42485839
9.390888661
7.167360561
12.23890311
7.423378773
9.203182597
7.122868081
7.80325652
11.21256107
10.2434831
6.501683199
14.0744635
10.48063612
12.85449914
9.946062417
9.522826784
10.05807124
6.296028257
8.620176029
12.76542778
10.33734523
9.120659595
8.790012796
7.70791419
12.49760433
14.94117558
11.83167231
9.80177563
8.281969056
9.830506567
9.490491973
9.21013341
11.74138222
9.432425284
10.6882965
11.59428964
10.48126822
6.741062205
10.05393758
11.3005365
9.675374056
6.701171767
6.8046086
8.374614734
10.51947154
8.775649601
14.12574082
9.566164206
11.72689852
12.4790279
9.082920112
6.310380084
8.196994966
10.19807203
10.54197471
11.79086328
5.850848791
8.635275915
10.30572664
10.28314616
9.852761903
9.518418008
12.93922312
11.67592589
7.337154127
9.051706254
9.479264261
8.130292624
9.602277967
10.29969215
8.082876118
11.68398401
9.651631697
11.41242253
8.489865902
10.62226718
7.481236278
14.56700946
11.65623078
7.750760485
12.98457053
9.455008037
7.157310645
9.135466169
10.55277496
8.583252818
11.17307991
9.529277375
11.05602339
6.152473614
7.779041223
12.97205588
10.41412022
11.7881257
7.553950379
7.464578883
9.504389052
9.625038072
12.03092895
12.03143827
9.420151653
11.00587386
11.90096216
8.462049007
8.520213467
9.400336037
11.00934813
6.556853148
12.39889687
13.84656232
10.02608658
7.421273292
10.03679816
12.9569037
10.32757271
12.52554401
12.1120195
10.73818683
8.479675014
9.1181312
12.67851647
10.90926733
11.40634256
8.114126356
5.795333234
9.89522621
11.99588158
11.80668394
9.010242391
8.653756847
10.573948
7.864315446
11.07471351
6.805154296
12.9084913
13.24231223
8.677076292
12.55987288
11.40086286
11.84849341
7.809118213
12.53200596
9.132610355
12.49994173
6.808983269
8.203875293
16.03147782
9.146205028
9.168442173
11.3402996
9.377250788
6.521291905
10.09910536
11.80094048
11.79177732
9.489543825
10.89503828
13.61975253
10.89419245
10.16580998
8.910764134
10.56741555
9.960755304
13.18338607
15.8117439
6.334445314
10.27619308
13.36123776
11.92902917
10.39132374
12.30630576
12.03323452
9.786393801
8.444927769
7.998570507
7.691015778
4.966347003
7.604554665
11.33608864
11.60524451
12.41308953
9.119650056
7.480554157
6.253554855
9.024225872
9.256406227
11.94222594
8.71473392
12.05489869
10.60270395
11.7940647
12.28560566
11.24489816
10.55961209
9.648989615
10.80809514
8.919272457
11.645476
9.803926585
8.614734977
8.314488039
13.54518306
10.80825885
10.13512363
12.08443453
8.122702891
10.10661324
9.627061698
11.02274953
13.61425919
9.166607267
12.98503437
11.21017365
13.20972504
14.04563252
11.82331405
13.97812983
9.894459961
10.03496098
13.05439244
8.654332103
10.34293407
7.784420884
9.957844921
12.81234861
10.65333552
10.15629212
8.451953616
6.157330315
8.877606231
6.70415491
12.1251617
9.981105248
12.34937488
12.25327767
11.78288246
11.21753146
11.5619139
10.58016667
9.845394996
9.31641014
8.679550117
9.759138518
13.73414878
9.997321538
13.03102752
8.548828444
13.46626621
7.49503786
10.80245172
10.92967184
7.844734025
15.05206117
11.18473054
7.934437488
7.082668415
6.699389158
9.112226305
6.796359483
7.458758116
6.422702679
8.594830686
9.399055923
12.12893156
11.47375886
9.700462467
9.692724941
8.194007276
12.6345333
12.02529918
8.87545755
13.3706965
8.068287823
11.6084141
12.90717253
10.69008138
8.622697603
9.589006165
11.41046257
6.296883182
8.308153408
10.69040652
9.242450031
7.605809767
10.49987193
11.50728738
6.582164385
9.129584012
8.475586835
10.80510745
9.580877557
8.982998477
10.34930054
8.068533387
8.128159859
9.198707883
13.83879524
6.331980583
9.718552317
10.74293894
10.54086286
13.12036718
6.628675945
10.57043962
7.950540092
10.79301117
11.39656549
8.294106263
9.570704858
8.937464625
7.441514097
10.7941685
10.84609155
9.7330724
10.96785698
10.69723228
14.64966433
8.272210178
10.75377102
5.761245373
9.742021828
11.96639576
8.250332283
9.297726845
8.818366294
9.269341515
11.69250598
9.748499704
13.63083018
9.118638243
7.668523974
11.27831299
9.79516133
9.666999884
6.772958184
8.364805833
8.861271706
8.424141268
7.370559868
9.762835614
12.19451067
8.683165359
9.787623892
9.85490831
11.77969923
9.510855559
14.99814632
5.233083609
10.00145292
8.551215867
9.752046733
12.64366463
10.72199782
9.379981546
7.491345312
9.160095285
8.453604348
12.40740064
8.900279934
9.145534275
10.0674072
8.846305971
12.20824859
10.18162609
9.997169198
9.839103566
7.725822141
10.15997557
9.646815922
7.657928361
8.614734977
11.23859081
12.1040205
11.38195901
10.98751116
8.005123416
12.21331902
7.406803232
11.33188678
7.042177711
12.23661573
12.96193321
10.51662255
11.76361937
10.61247874
7.015893314
6.589394868
11.86190391
12.17505658
10.5400716
9.122010195
8.250782483
8.88851562
7.68773705
8.47701929
10.71824161
8.082630555
13.70057023
11.31190063
9.559895514
9.296098849
8.947669155
10.88287834
12.51201527
6.763363015
6.570913936
9.002279765
9.632818799
13.22985215
9.509909685
10.37076006
8.227335709
8.578530267
7.417403392
12.60458819
10.35582616
7.583736331
13.9369661
6.705337253
13.27754606
7.109889591
7.976233317
8.717366907
8.604994289
12.26137672
9.336487235
12.57592092
8.206162672
9.038845999
10.71644763
6.333626768
11.08692802
11.42639692
13.53200448
14.86696081
9.145366019
10.17993671
7.890381565
9.93458232
5.619436959
7.291552063
9.881433723
8.688481355
8.72974513
8.030625648
9.143356035
11.79223662
6.854066922
11.37245934
9.758983904
9.061283233
9.339559054
7.79681275
13.30960575
7.19585503
11.31949719
11.30640274
11.80668394
11.41615601
11.95131634
8.267762749
13.81211066
11.56523583
8.95609335
8.422681529
10.49639993
14.38390998
13.84363375
11.56752321
12.25992608
6.70415491
10.99910721
8.499615685
11.37187726
11.25196038
11.1977022
10.49056325
5.736361598
9.755436875
8.141634023
7.191762304
7.742970663
8.364805833
8.813991624
11.21734502
8.247863005
9.71978923
14.33296009
8.933233201
10.20868356
11.82540134
11.60081527
9.812841907
8.534858605
9.681263034
7.597960828
8.414104994
14.20328433
10.41552767
8.737971509
10.94914867
11.73535682
9.898902843
8.71511136
8.366515683
13.34997821
7.487648216
10.19023219
12.62798494
8.978296389
10.42741704
12.17009074
10.19284471
12.82971996
8.468620106
9.427009243
13.18338607
12.10801772
10.84107569
8.828916432
11.90168066
12.59674835
8.660273377
11.48623258
8.248090378
9.853066583
7.368381628
7.426884875
7.987179086
8.074622454
12.25414169
8.27532065
10.13159479
9.095648491
12.76105311
10.27418537
11.54082954
7.103350324
10.60446609
8.27132342
12.14490683
7.834588612
10.73164074
7.160248313
9.901201591
5.978923835
6.268470568
13.36563971
8.825646799
11.06412244
11.06888365
13.98702468
10.21776032
10.20453172
9.427645889
6.577544152
12.06921868
10.09711584
10.05761194
8.556977516
9.227802618
9.950805432
7.362920112
8.835628503
5.616090018
10.39070073
7.962659108
9.690091954
10.50840072
9.474989636
10.96613576
11.15062221
