weight
12.04719812
16.79566996
15.24517703
14.79147105
17.00622708
15.12331839
18.57502358
16.23970267
11.5655752
12.82189661
15.6341611
16.6238937
12.30412583
13.76788934
15.54864358
13.06682354
15.60510729
16.73156877
14.08767677
17.47540356
13.58128831
14.01335286
14.80700068
13.93605491
13.7608544
14.48827963
18.28223905
16.34720267
15.71628619
15.82339056
14.19290076
12.6664094
15.63721927
12.67454938
15.19484332
13.7739875
15.08287088
16.79727067
13.49169853
13.98108399
18.25088877
14.71221769
19.08919732
18.01139153
19.7989306
16.11184363
14.53619636
15.79102392
16.03987531
14.16493834
13.63585799
12.24052941
13.52604105
13.81435542
16.84287273
13.39348675
13.64722668
13.15291176
16.478179
16.93195319
16.10328074
15.68553618
14.74556886
19.14915121
16.14863724
13.49900632
17.72655143
15.51124516
15.56406861
17.6913267
17.36654159
13.81216809
17.78586413
16.4941088
15.49466507
13.79570169
14.1963864
15.94743882
19.62270691
15.99304543
14.75605533
17.37457243
11.32289473
19.55260306
13.21961865
11.45113348
16.20484856
16.01822025
17.62472895
16.54206646
15.42741704
15.22730546
11.85301191
13.79698407
11.78359927
17.18476089
13.23976395
17.05827746
16.41458258
14.69705868
14.54515033
13.36587449
19.79351002
16.14250724
19.81544703
13.72637545
14.08581003
15.1280705
13.65068503
12.63622782
16.64397534
13.30552497
14.2913763
13.57813691
15.16626927
13.93904942
13.84901627
14.06316134
13.66314511
16.4924899
14.56741703
17.77701474
15.01935405
16.71758984
13.17297521
14.18891717
12.60016181
12.85672571
13.06047072
17.20740276
16.03374987
13.18062406
19.07690095
16.39363692
15.7524568
15.51409188
14.94437985
13.33815764
15.17133516
16.76474714
15.48567927
15.57076022
13.93270342
10.05558662
13.27110059
14.29349542
12.76652658
12.54422333
14.87101091
15.01507033
15.02226216
14.35537289
13.56728209
14.80315806
13.08891971
18.04460627
14.25115617
13.71755563
15.62371328
12.44116849
11.76052539
14.010588
17.29562829
15.6480127
13.05580956
13.77602022
18.72370778
16.79566996
10.33421942
11.5581992
12.8043752
15.81507096
11.69099452
14.55252633
9.1670103
17.07052381
20.01931936
14.30488229
16.31797606
17.92622644
14.99808779
15.63786274
15.62130312
14.14737828
12.59165348
14.67351414
16.38118139
15.87798981
15.69739372
12.48798473
15.48946049
17.88837327
15.18039827
14.3566621
18.83686711
19.27109626
15.49150913
12.57003025
12.56233137
12.90288257
14.68203838
14.41392616
15.34557161
8.088422343
11.8524844
14.59993829
14.7273585
14.3271058
12.31471689
15.06434675
16.8200717
15.84592557
17.32274488
14.38752126
16.50241249
14.48638333
12.03668436
10.99040166
18.61113052
12.863506
17.21982191
15.54229076
12.31621756
16.11738245
15.42381544
14.50060101
13.34161372
17.20487436
15.95394626
13.97672751
13.71210093
13.90774689
18.00097781
19.60735464
16.69316081
13.15080173
17.08944584
13.32233243
13.29080252
12.54194505
12.31433491
13.53705958
14.12301973
15.6801838
17.64843948
12.61580057
13.01215836
13.41096269
14.52282678
15.30681122
11.33526386
17.54502083
15.85145075
12.98184035
13.20799076
14.79424047
14.72766773
17.51033271
14.01438969
13.89582796
15.58447768
15.12561486
15.66238044
17.0992411
18.17203558
16.49592779
14.15190074
18.0519368
14.71005309
18.72630893
17.09473001
15.1348144
17.38762823
12.46696631
16.61201115
15.29690682
15.88524303
17.0054722
10.54212991
14.14369027
16.10061137
15.2256138
16.2188184
17.41246198
14.66250016
16.67310191
20.51794074
12.10466
15.78292487
15.06955133
15.35147423
15.97164047
14.30358172
12.52788426
14.84232545
14.15808985
13.2719919
16.7369166
13.34657046
14.64463768
15.61857463
15.49577011
11.59331479
19.10414941
15.73278443
17.16651188
13.56728209
15.35629455
11.26323188
13.44285412
15.48095217
13.47087565
17.03374839
15.63721927
14.22285497
14.80730991
14.25000793
13.55241185
15.88794195
14.33115305
10.65578037
12.07689312
16.58191597
17.40203917
15.95343239
11.59721652
11.80241672
12.99781563
15.99685394
14.0762899
18.77422111
13.42476882
18.56374585
15.59902504
14.66265477
16.25289262
16.82934855
14.48812274
13.60733624
13.34161372
15.66803977
15.32028765
13.32080903
13.61881861
18.56598321
15.54848442
16.18108574
14.4249356
14.4491327
16.84755663
14.416641
11.94855433
15.64720552
15.20284006
13.92493406
12.69933765
12.51998075
19.12830559
16.04057563
15.70666829
16.18473054
16.05954314
16.22213805
13.71021828
16.83516931
13.41494173
16.11523605
18.56673809
12.90923539
16.4569514
17.69853444
14.48891173
17.51639904
17.10216058
12.96983957
15.9121527
14.94912287
14.78547066
13.39264547
16.9089066
13.90063464
15.37963446
14.21162271
16.56212081
17.18198238
11.63876224
18.70482667
11.72712875
18.33575372
13.45050752
16.29034561
9.439567672
17.16321496
14.93932761
12.51866198
17.99673957
14.12756493
13.51517941
15.52405994
16.30526587
15.72853254
13.08722805
17.30719706
15.02761681
11.30112143
16.15658622
16.79429662
16.02013473
12.81301995
13.90508207
16.07984306
14.31332695
15.40302893
13.04374966
16.65041456
11.85195689
14.3725919
17.28648787
13.33686161
16.12884663
14.03455318
16.16564024
15.26785528
14.41759825
18.34997821
14.37725079
13.72412445
10.57101546
14.55597559
13.01616468
17.19590675
11.88941898
15.49987193
18.71679562
13.95854671
13.81490567
11.16216883
14.72983005
15.34666073
14.43401917
17.51639904
14.43067451
15.65995664
18.90045898
15.32741809
17.7425267
9.208774297
14.10208544
12.51734322
14.80577286
17.96468897
15.35753601
12.086652
12.41634383
15.2017623
16.87325895
12.77932317
13.49047754
17.3634675
15.96184067
16.42225872
13.04128038
13.83091277
16.71515694
15.48016545
15.94435791
17.39826932
17.2835502
15.77368213
19.12317604
16.95008397
16.34279162
11.47016921
13.14539933
18.06029506
11.57156877
14.15290346
16.75865807
13.76456059
18.00522515
13.78302333
14.52345661
15.58064643
14.92937774
17.40803274
15.64076175
12.8043752
13.76511538
16.79246399
11.50310201
13.21483925
15.18531409
17.15253294
11.68979399
15.86688487
16.50119376
14.94682639
19.24020982
17.10615326
17.17533398
14.75543687
17.81852408
11.96849045
15.90740286
12.64940185
13.63237917
12.58880676
14.31186721
16.43192665
14.9478996
17.92310688
12.73136096
14.32953415
14.79516133
13.6277362
16.21642643
13.27731699
13.52383098
16.73580247
15.33331162
16.00326815
19.58800059
17.90937351
15.33424158
18.64926564
13.85460966
17.32394541
15.88372417
14.60695959
16.06588459
18.69382178
13.42059424
16.42028966
15.11580596
16.28206921
18.80368874
18.90147761
14.19007905
13.14798684
12.84199645
14.98844942
13.63604899
14.2043422
12.01356501
13.16669515
15.15015303
14.23916221
18.90764399
13.46266746
14.98110525
11.72538252
14.88281388
16.29015916
14.46373691
14.42573368
13.13573595
12.69220722
19.68222424
16.60418949
12.49805283
16.78698428
16.89328148
15.08195229
14.01991487
16.00674242
16.05004801
14.34424295
14.22648385
16.15857347
14.30797003
15.90604544
18.87615728
18.85436579
11.39897396
17.75947059
16.78835307
16.45136937
15.9503492
19.43254976
13.9894377
18.71594069
15.84743078
14.46912794
15.84776502
13.43953901
16.25382485
14.38607743
13.12008809
12.99098532
18.27812813
14.02611989
15.47449703
14.32564833
15.00588898
14.0732249
18.08670678
12.83513886
10.91327651
15.02884008
14.63001756
16.35335085
14.33455001
15.96819804
17.32545062
14.50880465
14.80946086
12.00795343
14.16042725
14.85306658
12.82466602
16.27418843
13.40907094
13.46266746
15.66690745
14.49681296
16.04513219
15.83356099
15.74425088
13.64722668
16.51339009
15.88321713
15.48709808
14.45802529
15.29025614
12.00607987
10.94365363
16.26221494
13.87079412
16.52338998
16.10043175
16.15080184
16.20466666
16.34317361
15.3573814
16.84006694
13.77435812
16.56502892
16.61327989
13.695871
15.05914217
17.78546395
13.79991719
16.19038759
15.44904255
15.22438144
18.2641401
15.81357484
11.87238415
17.47408934
17.76981154
17.28237695
15.51820507
11.69639692
11.00513547
9.44684363
14.09581902
13.14398961
17.02045157
15.73736828
18.343157
11.90673576
15.75163371
15.57586021
15.93052677
15.90282356
14.16276693
13.4731312
18.94227754
17.45026058
18.1100717
18.92956281
12.64267614
10.58862328
15.6307846
15.48000857
16.25419774
13.87061676
16.88921604
16.6084141
12.70968316
10.31541107
14.9882948
15.81407507
15.94538336
14.80392658
19.0199302
12.9010272
12.76709956
13.60402113
15.40490249
14.80008397
18.14804311
13.51820121
14.33923618
16.91785148
15.61392257
16.4605439
13.28661203
15.31811624
13.48966581
13.83979626
14.94192876
16.30072749
17.05204742
18.18393177
17.31614649
15.15552359
14.27261115
15.37153768
12.77279299
14.74125103
13.24404313
14.47562173
14.95524377
15.21530013
14.73785634
17.10748567
17.20908987
17.18115019
12.63129836
12.34677658
20.90080163
12.76281584
15.85379497
13.95644578
12.11768396
11.50661266
16.63626282
15.25874897
16.88491867
11.65622454
15.79946858
13.92670075
15.86806267
12.54877081
13.89671926
13.15267984
17.33661467
13.61784545
15.36500296
14.04622427
14.42015165
14.06606263
14.72983005
16.14358954
12.98717909
20.64556103
16.29015916
18.46079105
16.3263525
13.42956186
14.12436579
16.94443146
10.98696377
12.80353392
18.08318704
12.1293073
15.55325245
18.13073542
14.20814844
16.91132131
12.04034963
14.54750365
14.00574267
11.79635948
14.32192168
15.83756731
18.26356712
14.81745077
15.67516112
19.08919732
17.53576218
13.3583848
16.44580099
12.6564095
20.43972419
17.72152192
17.70768396
11.02518074
16.72823093
13.86127171
14.1639379
13.99482191
16.18564458
17.15226009
16.24137159
14.9116153
19.31868102
12.79118752
14.89584012
13.74673449
14.14083901
15.98768396
17.77821528
17.80578206
15.70243459
14.79424047
12.76452569
10.55489922
13.51013627
16.92586413
13.92581855
15.05011088
13.710407
16.12508133
12.48798473
15.49119535
17.0676498
13.40949386
14.11171926
12.95183157
13.93622999
12.70200702
10.56923285
13.75454478
12.97367764
16.9651543
14.31219008
16.11237796
14.66219093
16.99613169
17.05542165
16.5178739
16.15098373
14.97345412
15.11028988
14.35134383
14.97085297
13.25817213
13.03559149
16.74406523
14.70788849
15.4823687
13.19676304
12.85726686
19.70139639
12.33826826
17.50429366
15.1397234
17.79153028
12.68385351
12.7945663
14.74711272
13.79258212
15.27094302
16.6988588
13.68164196
14.45770924
16.17162926
14.03025127
17.48795914
14.05803634
14.16310117
15.16918648
13.75695721
14.30862032
17.49927325
13.24089173
12.43037733
12.85916771
16.15026069
14.05547156
16.19605374
16.74832167
14.2073208
16.45954345
16.12310772
16.90264473
14.36680524
13.84793397
16.18382104
11.07571226
14.65799816
13.4343458
15.04398998
13.30289653
14.62207767
14.44197725
14.8229805
12.52919848
16.31417664
12.71820967
15.67467681
12.24211648
15.25443114
10.44328603
15.32322987
11.69639692
16.80783445
14.40689577
18.50255505
13.64876372
13.83888904
12.56682882
14.85705472
14.77115294
18.46490197
15.89960849
15.45877641
17.81481334
14.39569534
12.05264599
11.03067408
17.50831818
13.37950782
15.58559635
14.78054575
18.17796548
14.36181666
12.64236691
12.6509298
17.34541403
14.6078941
15.0498062
11.91480298
15.38446615
13.21118763
14.55519343
15.11979182
14.75343371
14.86472403
16.18327307
14.21013341
17.46262061
17.66619281
16.12866701
16.59281626
14.54452051
15.44590479
15.96974873
15.9099449
16.79177732
16.07807409
16.15351213
13.96205054
13.02913408
16.71626198
15.13742238
18.2875505
16.60060154
16.83400516
19.50687367
14.88020818
13.25324721
15.25504733
14.08937525
17.04532626
11.70533725
16.22693564
15.11534667
11.35316272
12.97700184
14.25017164
19.28011845
13.18293873
15.23439043
14.5401231
18.29584509
14.71159923
15.5750644
15.89148898
16.31493607
14.48211098
14.8493854
16.19733613
14.17877403
14.80654138
14.31300408
17.08390702
13.99308477
13.15478532
14.56929514
18.50895789
15.77368213
16.82470558
14.66979203
13.36694087
15.44637545
13.20227004
13.05114385
14.76560957
16.59870751
10.61609002
15.80659902
13.53685949
12.41246484
17.81605026
12.48089522
14.34133484
13.97550424
13.58855745
17.65802555
17.92399363
18.19319952
16.16672709
13.64703113
15.51377583
16.10862857
14.68343218
18.30600415
13.72712579
14.82451754
17.16981789
17.72616489
16.50586402
14.58603667
14.83419002
17.6348971
16.34950824
14.87729552
16.69908162
19.54649125
14.51952077
13.9896105
14.56788542
14.2389985
13.0276425
12.9549284
15.24086148
17.12435225
13.04942036
17.73822479
10.54031092
11.60758476
14.25919155
15.19653498
12.80045528
17.84773705
13.79845291
13.68069153
13.28019554
13.77232767
13.53645932
15.86201453
13.64991651
16.55155703
11.01630407
13.69700332
16.46634193
16.75438345
16.82748863
14.04502602
18.48357389
19.93797415
14.57884256
16.9515619
13.43268597
15.23269649
14.89200887
14.46421212
15.40958867
15.01032731
18.14277713
15.38477538
15.63898824
15.93683866
13.55399892
18.04314199
15.87580247
15.8586585
14.8248245
11.86036972
16.23895916
15.40474561
13.56668637
16.25587121
12.71820967
17.80782842
13.64760866
16.62602191
12.47343736
13.68221494
14.15675289
15.49529717
14.72704927
11.86194315
12.44290108
16.58778221
14.66575842
14.7557461
16.66941618
13.46841547
12.02054083
12.91081791
15.69316684
16.29241926
18.86124157
14.37210987
12.72669526
16.04829269
17.31674676
11.92082383
15.92337132
17.17229626
12.15563263
11.64378265
11.32951585
15.762318
16.72823093
15.70976284
16.52052962
13.95732117
17.38357643
13.69832891
15.01904937
18.55405064
15.42037527
14.84554961
17.07890935
13.51013627
12.54357304
13.2029567
10.82552846
13.26352905
15.44668923
13.985611
18.49267793
15.08072675
19.26811312
15.5248512
17.32545062
15.26137286
17.03041509
12.41775355
13.29256467
11.90014192
13.89689661
16.28507509
15.82405677
15.21206688
12.77051926
15.78507128
16.10043175
16.17017407
15.25658892
16.28507509
16.7164848
13.37887117
13.48600055
17.77741492
17.00597697
17.40803274
14.06572157
16.47235369
14.05684035
10.88066203
13.66543931
17.49593541
14.54232408
15.85664396
15.58288151
16.25997531
15.54912107
14.33325398
13.26442036
13.09519068
12.28310286
16.10168003
14.81268729
15.69625457
14.67831855
16.09243047
14.91008281
12.23178917
17.99532985
15.73278443
15.40537088
15.14923444
9.685131242
13.91023208
16.37245934
15.00588898
11.26672434
12.83980456
13.10623649
12.79821337
13.00084424
15.36608981
16.05936579
13.56431259
13.72450189
15.55913688
17.12435225
11.79801476
16.19733613
13.21164693
12.04263246
12.17816536
13.29058197
15.0810337
16.14178874
15.60526645
18.57274985
15.46474725
16.42797489
14.78808546
12.60455466
14.04210881
14.88097443
14.29544856
12.91002665
14.09869985
12.26801434
16.19130164
12.96933025
11.19631126
16.70237399
12.64573658
13.8363561
17.31914328
12.54779765
11.9583223
15.37543032
14.62425818
16.2145847
16.33934464
17.75274942
13.24629185
12.98158569
11.28920705
12.94743417
17.04842763
13.34527898
14.88664513
12.67454938
16.67636244
14.55582098
16.10880819
16.08002041
15.74048103
16.51298082
17.33268111
15.32322987
15.38462076
15.86823093
14.98630756
16.24322696
13.61881861
14.39793497
14.81868086
16.08391532
12.59354978
13.179469
15.07062226
13.21802703
17.02708634
13.85424813
17.69284101
12.90341462
16.22195161
15.85446572
15.72657258
14.30797003
16.18819571
12.5649007
17.64733444
12.16151251
12.30640411
14.50012807
13.17645403
17.98503437
13.23615781
11.60951289
15.63576863
17.17064098
14.83618636
14.88587888
12.81023234
11.96704435
12.82935902
12.54161763
16.80875759
16.28601641
15.62901563
12.93808456
12.74181106
16.15568128
13.69037765
15.53166559
15.21206688
15.87664375
13.98038823
14.17461082
17.93742232
11.04049663
16.86214038
15.79797701
15.05026322
13.79790266
14.37885605
13.53005193
15.58942987
16.73312856
13.06487267
17.393881
11.8040629
17.93158337
15.40271516
11.01073796
14.31349066
13.53405825
16.14557224
13.44016202
16.25047336
18.67710527
17.54295628
16.59008778
17.15745786
15.36033725
16.08267614
16.73379703
15.24610472
10.5236126
15.38259486
14.77192374
14.06162429
12.45875812
14.91100367
12.20806954
16.64097401
14.67909389
16.27887688
18.01520231
13.07413587
12.66761903
14.75297214
17.85534952
15.14493708
18.07567461
15.7710446
14.2058315
14.02663603
12.39826762
15.71906015
18.74115189
15.91385118
13.6751709
15.45202341
14.41871465
11.89759534
17.93562152
17.50328867
11.39197995
16.31057277
19.55671398
14.26377768
16.79635663
15.74589025
14.2404787
15.9850919
15.87563421
13.11841917
15.36329084
14.49191533
12.10640623
14.4699192
14.75019591
15.35831363
16.85648332
14.02008767
14.18276671
15.35815901
10.73487003
15.07383733
13.96904683
13.51497705
15.81623512
10.38827979
16.33781214
15.01981334
16.52809662
14.96901806
16.37885309
13.17134722
14.8381827
17.03811396
15.99443014
15.59854301
16.40967586
12.88690729
14.00037437
12.32410288
16.21642643
18.72803697
18.75266609
16.32444711
16.3215913
13.7383444
12.90288257
16.12525868
13.8169111
15.38727194
17.27856617
14.45103809
12.82494342
17.70462806
13.81162012
14.78362212
15.56136287
10.42884325
17.33964329
15.53229996
14.08139216
14.10867928
16.64225639
15.38711505
14.01732508
14.90120159
14.96197857
14.93366373
12.97189048
14.81990868
13.87742888
19.66810889
15.50729341
14.52975031
13.30683919
14.05923232
15.37979135
12.88262812
14.22103825
16.16002411
10.21722202
14.49996891
15.23454504
14.05170625
14.20467189
17.09446625
13.47046638
18.4047298
13.18663127
17.14083229
14.26345026
10.46955223
17.72926627
12.81468432
15.37340669
16.3753629
16.73156877
13.15852789
11.71008482
13.63373205
14.50565098
15.78523726
14.41536316
14.21426706
15.80593509
15.61681021
12.5445462
16.80162715
16.16872343
16.796584
18.80181518
12.28233433
16.49390416
16.47978653
15.82222414
16.10827386
16.70391104
12.32859123
12.73484888
10.50658686
16.4236366
15.69885573
13.10551799
7.316588759
18.8563303
17.59319677
14.50391611
11.47379809
13.48069592
14.38142537
13.95082965
14.16844217
14.65613597
13.07875156
14.89966909
16.52420853
13.95819656
15.77252935
16.94983841
12.33232016
17.25212261
14.79762379
16.13189799
18.81778591
14.25919155
15.37651944
16.60313448
12.2846399
13.36736606
16.59386673
16.44163096
15.35613766
16.46394086
14.17577497
15.49639993
9.156241883
14.77454081
10.40345016