sampleID	Season	Site	Date	Type	latitude	longitude	SR	E2_E3	E4_E6	SUVA254	FI	HIX	fresh	DOC	C1	C2	C3	C4	C5	C6	C7	HMWS-C	humic-C	LMWS-C	HMWS-N	humic-N	avgmolmass	molrich	DBE	AI	MLB	H_C	O_C	NH4	NO3	TP	Chla	AGR	FOR	PAV	URG
H1_autumn	autumn	H1	22.09.16	river	52.4423916	13.32454071	1.061	6.315	3.076	2.1	1.781	0.822	0.893	9.19	0.088	0.042	0.04	0.073	0.064	0.053	0.033	0.6	5.2	1.1	0.11	0.36	318.715	4976	8.697	0.319	17.926	1.209	0.386	0.18	1.98	92.33	2.48	0	0	60	30
H2_autumn	autumn	H2	29.09.16	river	52.42641871	13.52039181	1.014	5.154	3.021	2.428	1.883	0.82	0.942	11.24	0.135	0.015	0.065	0.093	0.111	0.068	0.046	1	6.9	2.2	0.19	0.52	311.716	4562	8.449	0.324	18.26	1.212	0.377	0.09	4.27	200	9.54	0	0	100	0
H3_autumn	autumn	H3	03.10.16	stream	52.5256244	13.57913257	0.912	7.777	3.089	3.057	1.463	0.894	0.577	17.12	0.129	0.197	0.069	0.267	0.056	0.022	0.043	0.9	9.8	3.1	0.13	0.32	300.214	3977	7.977	0.303	24.089	1.234	0.369	0.39	0.66	219	0.57	50	0	50	0
H4_autumn	autumn	H4	30.09.16	stream	52.63441954	13.38013089	0.93	6.99	4.097	2.356	1.685	0.873	0.755	9.09	0.057	0.043	0.029	0.044	0.042	0.019	0.016	0.3	6.2	1	0.05	0.42	328.164	5387	8.943	0.318	17.672	1.208	0.383	0.05	1.81	241	2.03	50	0	10	40
L1_autumn	autumn	L1	03.10.16	lake	52.50331324	13.54970371	1.093	6.457	1.28	1.55	1.429	0.829	0.753	4.97	0.036	0.048	0.023	0.044	0.025	0.021	0.023	0.9	2.1	0.4	0.07	0.11	320.064	5236	8.719	0.316	19.156	1.216	0.374	0.01	0	41	13.68	0	0	50	50
L2_autumn	autumn	L2	26.09.16	lake	52.5485618	13.4897245	1.576	7.85	2.538	1.349	1.473	0.714	0.874	9.8	0.027	0.039	0.016	0.075	0.017	0.025	0.046	1.8	3.9	1	0.2	0.24	312.083	4571	8.186	0.304	21.024	1.231	0.386	0.01	0	63.67	72.53	0	0	50	50
L3_autumn	autumn	L3	29.09.16	lake	52.5437973	13.3304851	1.61	9.766	3.102	1.253	1.578	0.68	1.059	11.9	0.015	0.02	0.007	0.011	0.01	0.035	0.018	2	6.9	1.4	0.26	0.47	315.423	4689	8.255	0.304	21.241	1.243	0.369	0.08	0.01	14	18.88	0	0	0	100
L4_autumn	autumn	L4	23.09.16	lake	52.4641667	13.11488889	1.677	13.427	7.686	0.996	1.568	0.659	0.93	7.43	0.009	0.012	0.004	0.013	0.005	0.015	0.013	0.7	4.3	0.7	0.11	0.3	311.48	4378	8.073	0.297	21.517	1.253	0.376	0.01	0	13.67	0.58	0	10	0	90
L5_autumn	autumn	L5	03.10.16	lake	52.44309799	13.14452751	1.099	7.502	5.324	2.049	1.653	0.833	0.798	8.169	0.068	0.043	0.037	0.053	0.055	0.034	0.026	0.5	4.8	1	0.09	0.33	316.193	4750	8.544	0.325	18.337	1.208	0.377	0.14	1.11	230	0.33	0	0	100	0
L6_autumn	autumn	L6	22.09.16	lake	52.44065713	13.21183326	1.382	10.392	2.338	1.418	1.662	0.79	0.9	7.36	0.027	0.03	0.014	0.035	0.018	0.025	0.021	0.9	4.1	0.9	0.11	0.29	319.14	5153	8.595	0.311	19.775	1.227	0.375	0.11	0.26	7	0.91	0	60	30	10
L7_autumn	autumn	L7	26.09.16	lake	52.438367	13.645103	1.256	8.845	3.421	1.979	1.686	0.834	0.753	6.19	0.044	0.06	0.025	0.054	0.027	0.022	0.021	0.6	4.2	0.7	0.08	0.28	312.53	4034	8.571	0.331	15.419	1.194	0.386	0.07	0.04	94.33	1.68	0	70	30	0
P1_autumn	autumn	P1	04.10.16	pond	52.576935	13.164277	1.152	8.344	4.249	2.027	1.51	0.878	0.724	7.69	0.042	0.053	0.025	0.043	0.027	0.015	0.015	0.6	5.2	0.7	0.08	0.33	316.891	4289	8.716	0.335	15.272	1.187	0.387	0.02	0.23	16	5.91	0	100	0	0
P2_autumn	autumn	P2	30.09.16	pond	52.567379	13.445491	1.114	6.523	4.47	2.212	1.437	0.859	0.706	8.47	0.041	0.06	0.031	0.062	0.025	0.019	0.02	1.6	5	1.1	0.18	0.25	NA	NA	NA	NA	NA	NA	NA	0.01	0	31.67	15.66	0	0	30	70
P3_autumn	autumn	P3	27.09.16	pond	52.525732	13.25998298	1.352	7.28	3.502	1.821	1.507	0.818	0.668	10.53	0.028	0.023	0.017	0.023	0.017	0.008	0.017	1.2	6.8	1.1	0.16	0.43	330.26	5128	8.72	0.316	18.974	1.213	0.381	0.03	0	11.33	4.16	0	0	50	50
P4_autumn	autumn	P4	28.09.16	pond	52.57723896	13.34556498	0.766	5.135	2.627	3.222	1.539	0.815	0.69	12.81	0.062	0.076	0.024	0.139	0.024	0.022	0.043	0.8	5.5	2.2	0.17	0.13	324.251	5461	8.063	0.277	26.936	1.274	0.368	2.69	0	151.67	0.77	0	0	0	100
P5_autumn	autumn	P5	27.09.16	pond	52.612075	13.230449	1.48	7.646	4.069	1.427	1.511	0.787	0.701	11.87	0.025	0.022	0.013	0.021	0.015	0.009	0.018	2.1	7	1.4	0.27	0.44	288.654	2652	7.338	0.302	21.38	1.252	0.383	0.05	0.01	36	16.38	0	100	0	0
P7_autumn	autumn	P7	29.09.16	pond	52.552818	13.335453	1.338	8.045	3.927	1.908	1.533	0.839	0.716	16.35	0.031	0.037	0.018	0.032	0.018	0.011	0.018	1.8	12.4	2	0.24	0.64	323.445	4457	8.319	0.325	19.834	1.216	0.364	0.01	0	110.67	34.95	0	0	30	70
R1_autumn	autumn	R1	26.09.16	river	52.42984681	13.68911773	1.089	7.865	4.095	2.237	1.594	0.873	0.741	5.85	0.055	0.072	0.031	0.054	0.039	0.02	0.019	0.5	3.9	0.7	0.08	0.24	320.862	4597	8.68	0.336	16.685	1.193	0.372	0.1	0.17	87	0.72	0	0	100	0
R2_autumn	autumn	R2	30.09.16	river	52.51934962	13.31959366	1.125	7.847	3.691	2.168	1.63	0.85	0.809	6.77	0.06	0.068	0.031	0.065	0.041	0.033	0.026	0.5	4.4	0.9	0.09	0.31	314.994	4625	8.55	0.328	17.686	1.201	0.38	0.11	0.65	69.33	0.4	0	0	80	20
R3_autumn	autumn	R3	27.09.16	river	52.536128	13.216222	1.078	8.018	4.079	2.085	1.644	0.837	0.803	7.16	0.073	0.07	0.036	0.083	0.05	0.042	0.031	0.5	4.7	0.8	0.08	0.28	325.107	5291	8.78	0.316	18.503	1.214	0.383	0.1	1.02	107	1.73	0	0	100	0
R4_autumn	autumn	R4	04.10.16	river	52.57816985	13.1650865	1.224	7.415	2.438	2.187	1.521	0.882	0.679	7.58	0.053	0.067	0.031	0.053	0.032	0.011	0.019	0.6	5.3	0.8	0.09	0.35	327.756	5200	8.979	0.325	17	1.2	0.382	0.01	0.27	16.33	0.63	0	100	0	0
R5_autumn	autumn	R5	28.09.16	river	52.48935993	13.43949122	1.098	7.09	3.721	2.204	1.719	0.837	0.854	7.66	0.079	0.057	0.038	0.074	0.055	0.046	0.032	0.6	5.1	0.9	0.1	0.37	299.009	3441	8.14	0.336	16.042	1.195	0.387	0.12	1.2	114.67	1.59	0	0	30	70
R6_autumn	autumn	R6	28.09.16	river	52.4713667	13.49683056	1.14	8.184	3.8	2.059	1.683	0.856	0.795	6.92	0.043	0.046	0.023	0.045	0.027	0.023	0.017	0.6	4.5	0.8	0.08	0.28	297.251	3204	8.049	0.333	15.762	1.199	0.386	0.12	0.43	124.33	0.65	0	0	100	0
R7_autumn	autumn	R7	30.09.16	river	52.53689834	13.36759013	0.952	5.82	3.232	2.333	1.897	0.83	0.922	10.57	0.109	0.018	0.054	0.075	0.096	0.055	0.037	0.5	6.3	1.7	0.11	0.46	313.193	4522	8.323	0.318	19.505	1.222	0.376	0.06	4.25	247	0.25	0	0	60	40
S1_autumn	autumn	S1	23.09.16	stream	52.582089	13.38594	0.994	6.109	3.58	2.158	1.78	0.818	0.913	13.48	0.112	0.053	0.052	0.082	0.084	0.081	0.044	0.6	7.5	1.7	0.12	0.55	308.871	4146	8.177	0.323	19.368	1.215	0.378	0.04	0.89	213.33	0.23	0	0	95	5
S2_autumn	autumn	S2	23.09.16	stream	52.564883	13.34918	1.114	8.387	3.844	1.839	1.513	0.83	0.748	8.68	0.046	0.066	0.023	0.116	0.023	0.017	0.031	1.1	4.1	1	0.12	0.2	323.556	5484	8.38	0.296	23.888	1.251	0.365	0.04	0.02	12.33	11.39	0	0	50	50
S5_autumn	autumn	S5	03.10.16	stream	52.45888	13.612446	0.996	5.627	2.995	2.244	1.962	0.788	0.939	10.54	0.171	0	0.077	0.106	0.149	0.094	0.067	0.5	5.5	2	0.15	0.38	310.585	4912	8.252	0.307	21.458	1.235	0.375	0.2	4.27	301.67	0.15	0	50	50	0
S7_autumn	autumn	S7	29.09.16	stream	52.415131	13.562802	1.078	5.389	2.236	2.97	1.559	0.834	0.659	4.83	0.092	0.11	0.068	0.102	0.072	0.03	0.074	0.2	2.9	0.7	0.05	0.13	324.913	4927	8.805	0.323	17.942	1.201	0.385	0.24	0.01	28	1.33	0	0	100	0
H1_spring	spring	H1	02.05.16	river	52.4423916	13.32454071	1.06	5.829	3.218	2.355	1.8	0.821	0.871	8.28	0.096	0.051	0.047	0.084	0.081	0.056	0.041	0.63	5.91	1.05	0.09	0.33	NA	NA	NA	NA	NA	NA	NA	0.11	1.57	113.57	9.84	0	0	60	30
H3_spring	spring	H3	27.04.16	stream	52.5256244	13.57913257	0.918	7.226	3.532	2.759	1.613	0.873	0.711	8.38	0.089	0.107	0.051	0.172	0.068	0.029	0.028	0.4	5.77	1.26	0.04	0.28	NA	NA	NA	NA	NA	NA	NA	0.16	0.63	107.88	5.39	50	0	50	0
H4_spring	spring	H4	25.04.16	stream	52.63441954	13.38013089	0.903	6.761	4.535	2.246	1.621	0.899	0.696	11.1	0.061	0.064	0.038	0.058	0.051	0.018	0.014	1.08	7.39	1.03	0.12	0.41	NA	NA	NA	NA	NA	NA	NA	0.18	1.06	72.09	1.32	50	0	10	40
L1_spring	spring	L1	20.04.16	lake	52.50331324	13.54970371	1.055	7.36	2.507	1.599	1.699	0.835	0.796	3.43	0.054	0.053	0.026	0.063	0.044	0.024	0.025	0.45	1.89	0.45	0.04	0.1	NA	NA	NA	NA	NA	NA	NA	0.05	0.06	32.7	1.9	0	0	50	50
L2_spring	spring	L2	02.05.16	lake	52.5485618	13.4897245	1.437	6.226	2.901	1.441	1.612	0.715	0.845	8.07	0.023	0.032	0.015	0.056	0.019	0.02	0.039	2.57	3.43	0.95	0.18	0.15	NA	NA	NA	NA	NA	NA	NA	0.1	0.36	71.04	12.93	0	0	50	50
L3_spring	spring	L3	15.04.16	lake	52.5437973	13.3304851	1.481	9.333	2.424	1.475	1.668	0.697	0.96	9.42	0.023	0.023	0.011	0.022	0.016	0.027	0.024	1.52	6.55	0.94	0.23	0.46	NA	NA	NA	NA	NA	NA	NA	0.05	0.16	40.62	4.08	0	0	0	100
L4_spring	spring	L4	03.05.16	lake	52.4641667	13.11488889	1.587	12.738	3.468	1.145	1.65	0.67	0.937	6.37	0.011	0.016	0.006	0.015	0.007	0.014	0.016	0.77	4.5	0.71	0.08	0.25	NA	NA	NA	NA	NA	NA	NA	0.05	0	10.36	0.05	0	10	0	90
L5_spring	spring	L5	26.04.16	lake	52.44309799	13.14452751	1.052	7.697	3.035	2.091	1.671	0.853	0.786	7.4	0.058	0.064	0.031	0.067	0.045	0.03	0.022	0.35	3.27	0.75	0.06	0.22	NA	NA	NA	NA	NA	NA	NA	0.09	1.09	45.72	0.09	0	0	100	0
L6_spring	spring	L6	26.04.16	lake	52.44065713	13.21183326	1.175	9.711	2.07	1.696	1.689	0.774	0.905	6.4	0.032	0.036	0.017	0.043	0.026	0.032	0.023	0.36	2.82	0.62	0.04	0.16	NA	NA	NA	NA	NA	NA	NA	0.05	0.85	22.03	0	0	60	30	10
L7_spring	spring	L7	18.04.16	lake	52.438367	13.645103	1.027	8.177	3.332	2.338	1.629	0.842	0.752	5.22	0.056	0.072	0.03	0.068	0.042	0.026	0.027	0.33	3.8	0.55	0.05	0.2	NA	NA	NA	NA	NA	NA	NA	0.06	0.4	12.67	1.37	0	70	30	0
P1_spring	spring	P1	23.04.16	pond	52.576935	13.164277	1.027	7.487	2.825	2.084	1.568	0.865	0.729	8.68	0.034	0.045	0.021	0.036	0.026	0.012	0.007	0.69	5.68	0.74	0.08	0.32	NA	NA	NA	NA	NA	NA	NA	0.06	0.05	21.71	0.29	0	100	0	0
P2_spring	spring	P2	25.04.16	pond	52.567379	13.445491	1.062	6.236	3.224	1.9	1.563	0.859	0.734	10.36	0.039	0.051	0.025	0.056	0.03	0.022	0.016	1.31	5.16	0.47	0.14	0.3	NA	NA	NA	NA	NA	NA	NA	0.04	0	97.87	9.83	0	0	30	70
P3_spring	spring	P3	03.05.16	pond	52.525732	13.25998298	1.293	6.109	3.433	1.755	1.552	0.768	0.711	12.48	0.024	0.024	0.015	0.021	0.017	0.012	0.024	2.51	7.13	1.08	0.18	0.34	NA	NA	NA	NA	NA	NA	NA	0.05	0	44.46	6.75	0	0	50	50
P4_spring	spring	P4	22.04.16	pond	52.57723896	13.34556498	1.008	5.355	2.643	2.517	1.559	0.787	0.771	5.99	0.053	0.071	0.029	0.138	0.036	0.029	0.044	0.65	2.75	1.16	0.1	0.16	NA	NA	NA	NA	NA	NA	NA	0.6	0.18	31.95	1.71	0	0	0	100
P5_spring	spring	P5	28.04.16	pond	52.612075	13.230449	1.248	6.947	3.302	1.635	1.616	0.798	0.749	11.63	0.026	0.023	0.014	0.025	0.019	0.012	0.016	1.84	7.02	1.58	0.23	0.32	NA	NA	NA	NA	NA	NA	NA	0.04	0	65.29	5.24	0	100	0	0
P6_spring	spring	P6	16.04.16	pond	52.638826	13.273774	0.883	4.426	2.267	2.646	1.5	0.848	0.608	5.63	0.05	0.043	0.038	0.05	0.04	0.016	0.02	0.96	3.73	1.28	0.15	0.18	NA	NA	NA	NA	NA	NA	NA	0.17	0.19	196.99	10.63	0	0	65	35
P7_spring	spring	P7	24.04.16	pond	52.552818	13.335453	1.313	7.071	2.92	1.791	1.578	0.825	0.732	16.5	0.028	0.031	0.017	0.03	0.02	0.012	0.016	1.53	9.5	0.92	0.21	0.56	NA	NA	NA	NA	NA	NA	NA	0.06	0	191.74	12.48	0	0	30	70
R1_spring	spring	R1	30.04.16	river	52.42984681	13.68911773	1.009	7.304	3.68	2.401	1.631	0.871	0.733	5.83	0.068	0.084	0.04	0.077	0.054	0.03	0.024	0.42	4.5	0.75	0.04	0.19	NA	NA	NA	NA	NA	NA	NA	0.09	0.37	77.05	1.03	0	0	100	0
R2_spring	spring	R2	03.05.16	river	52.51934962	13.31959366	1.038	7.709	4.02	2.272	1.637	0.855	0.753	6.27	0.057	0.075	0.032	0.07	0.045	0.029	0.025	0.53	4.84	0.83	0.06	0.24	NA	NA	NA	NA	NA	NA	NA	0.14	0.32	35.06	1.39	0	0	80	20
R3_spring	spring	R3	22.04.16	river	52.536128	13.216222	0.986	7.515	3.947	2.141	1.696	0.863	0.786	6.73	0.067	0.066	0.037	0.072	0.056	0.034	0.022	0.46	4.56	0.69	0.06	0.25	NA	NA	NA	NA	NA	NA	NA	0.15	0.9	46.99	0	0	0	100	0
R4_spring	spring	R4	23.04.16	river	52.57816985	13.1650865	0.996	7.63	3.21	2.12	1.57	0.899	0.705	8.46	0.046	0.061	0.029	0.05	0.036	0.015	0.008	0.65	5.71	0.8	0.08	0.33	NA	NA	NA	NA	NA	NA	NA	0.06	0.05	19.12	0	0	100	0	0
R5_spring	spring	R5	03.05.16	river	52.48935993	13.43949122	1.074	7.343	3.496	2.251	1.642	0.845	0.77	6.56	0.056	0.07	0.032	0.069	0.046	0.031	0.027	0.63	4.79	0.81	0.07	0.22	NA	NA	NA	NA	NA	NA	NA	0.11	0.38	45.05	9.12	0	0	30	70
R7_spring	spring	R7	29.04.16	river	52.53689834	13.36759013	0.958	5.6	3.016	2.505	1.912	0.823	0.917	10.27	0.134	0.03	0.065	0.109	0.127	0.077	0.048	0.58	7.08	1.61	0.11	0.52	NA	NA	NA	NA	NA	NA	NA	0.14	3.92	179.65	1.16	0	0	60	40
S1_spring	spring	S1	02.05.16	stream	52.582089	13.38594	0.899	6.452	3.754	2.752	1.681	0.885	0.737	12	0.092	0.085	0.057	0.089	0.081	0.035	0.025	0.49	9.26	1.99	0.05	0.47	NA	NA	NA	NA	NA	NA	NA	0.1	0.43	129.05	4.95	0	0	95	5
S2_spring	spring	S2	29.04.16	stream	52.564883	13.34918	1.162	6.52	2.448	1.84	1.597	0.786	0.804	7.5	0.043	0.057	0.026	0.108	0.033	0.027	0.039	1.84	4.2	0.95	0.13	0.16	NA	NA	NA	NA	NA	NA	NA	0.14	0.27	48.8	15.99	0	0	50	50
S3_spring	spring	S3	28.04.16	stream	52.623837	13.468827	0.879	6.769	3.214	2.791	1.663	0.916	0.695	17.92	0.083	0.075	0.049	0.078	0.07	0.019	0.012	0.77	14.31	1.65	0.08	0.93	NA	NA	NA	NA	NA	NA	NA	0.15	3.13	1123.7	42.32	0	100	0	0
S4_spring	spring	S4	28.04.16	stream	52.628808	13.453148	0.825	6.742	4.994	2.618	1.703	0.901	0.716	25.01	0.099	0.07	0.051	0.086	0.082	0.023	0.018	0.9	20.06	2.73	0.11	1.22	NA	NA	NA	NA	NA	NA	NA	0.08	0.78	24.8	3.62	100	0	0	0
S5_spring	spring	S5	27.04.16	stream	52.45888	13.612446	0.947	5.448	3.663	2.089	1.958	0.812	0.937	10.01	0.113	0.025	0.055	0.079	0.114	0.076	0.044	0.86	6.07	1.71	0.14	0.37	NA	NA	NA	NA	NA	NA	NA	0.71	3.72	252.25	5.55	0	50	50	0
S6_spring	spring	S6	02.05.16	stream	52.620652	13.410893	0.949	5.648	3.374	2.997	1.471	0.818	0.691	9.7	0.055	0.089	0.046	0.103	0.04	0.035	0.041	1.23	5.93	1.27	0.14	0.35	NA	NA	NA	NA	NA	NA	NA	0.05	0.02	263.52	30.46	50	0	30	20
S7_spring	spring	S7	27.04.16	stream	52.415131	13.562802	0.904	6.736	3.391	2.577	1.64	0.867	0.692	5.73	0.076	0.086	0.052	0.092	0.069	0.028	0.028	0.19	4.41	0.58	0.02	0.16	NA	NA	NA	NA	NA	NA	NA	0.26	0.41	43.61	0	0	0	100	0
H1_summer	summer	H1	28.07.16	river	52.4423916	13.32454071	1.051	5.833	2.991	2.334	1.695	0.801	0.809	10.923	0.097	0.06	0.049	0.113	0.071	0.045	0.045	0.9	5.6	1.9	0.13	0.33	319.533	4884	7.896	0.29	25.594	1.261	0.371	0.34	0.14	220.54	6.05	0	0	60	30
H2_summer	summer	H2	21.07.16	river	52.42641871	13.52039181	1.088	5.229	2.799	2.505	1.839	0.813	0.922	10.79	0.106	0.017	0.051	0.073	0.087	0.059	0.04	1.2	7.6	1.8	0.15	0.53	310.018	4600	8.48	0.322	18.348	1.212	0.381	0.06	3.8	146	0.59	0	0	100	0
H3_summer	summer	H3	25.07.16	stream	52.5256244	13.57913257	0.905	6.53	3.352	2.867	1.581	0.882	0.707	8.14	0.093	0.104	0.051	0.144	0.06	0.028	0.031	0.9	5.9	1.1	0.09	0.28	322.914	5106	8.618	0.319	19.663	1.214	0.375	0.18	0.64	587.97	1.49	50	0	50	0
H4_summer	summer	H4	14.07.16	stream	52.63441954	13.38013089	0.913	6.116	3.862	2.771	1.61	0.878	0.704	9.88	0.08	0.074	0.051	0.066	0.06	0.028	0.028	0.9	7.5	1.1	0.08	0.41	300.819	3656	7.909	0.321	20.104	1.219	0.384	0.08	1.15	384.96	1.19	50	0	10	40
L1_summer	summer	L1	25.07.16	lake	52.50331324	13.54970371	1.175	7.761	3.415	1.826	1.611	0.818	0.851	3.6	0.044	0.062	0.027	0.064	0.031	0.04	0.028	0.6	2.3	0.5	0.05	0.09	319.025	5079	8.707	0.316	18.626	1.214	0.38	0	0	20.53	0.04	0	0	50	50
L2_summer	summer	L2	18.07.16	lake	52.5485618	13.4897245	1.703	5.922	1.596	1.423	1.549	0.684	0.847	10.46	0.024	0.035	0.015	0.066	0.015	0.021	0.039	3	4.8	1	0.21	0.21	331.395	5580	8.598	0.296	21.918	1.242	0.381	0	0	129.57	19.71	0	0	50	50
L3_summer	summer	L3	20.07.16	lake	52.5437973	13.3304851	1.537	9.522	3.569	1.386	1.623	0.711	0.972	10.86	0.021	0.027	0.01	0.019	0.013	0.038	0.022	2.2	7.7	1.3	0.23	0.42	303.646	3519	7.845	0.296	19.665	1.248	0.395	0	0	51.61	3.25	0	0	0	100
L4_summer	summer	L4	02.08.16	lake	52.4641667	13.11488889	1.686	14.287	2.36	1.137	1.664	0.643	0.95	6.64	0.009	0.013	0.004	0.012	0.004	0.012	0.016	0.9	4.9	0.8	0.09	0.3	308.47	4094	7.941	0.294	21.519	1.257	0.383	0	0	14.43	0	0	10	0	90
L5_summer	summer	L5	26.07.16	lake	52.44309799	13.14452751	1.266	8.154	3.188	2.12	1.667	0.813	0.849	7.52	0.043	0.053	0.026	0.056	0.033	0.035	0.026	0.7	5.6	0.9	0.1	0.33	314.234	4865	8.161	0.293	24.954	1.274	0.349	0.05	0.94	40.69	1.31	0	0	100	0
L6_summer	summer	L6	03.08.16	lake	52.44065713	13.21183326	1.296	10.413	3.119	1.642	1.677	0.767	0.94	6.52	0.019	0.026	0.011	0.027	0.013	0.021	0.018	1.3	4.8	0.8	0.09	0.26	324.512	4598	8.382	0.298	21.575	1.26	0.362	0.05	0.6	13.93	0.87	0	60	30	10
L7_summer	summer	L7	01.08.16	lake	52.438367	13.645103	1.074	8.381	3.938	1.886	1.567	0.896	0.761	5.95	0.038	0.06	0.022	0.046	0.024	0.022	0.007	0.6	4.6	0.6	0.08	0.25	324.883	5078	8.974	0.323	16.424	1.199	0.387	0.02	0.01	52.96	7.71	0	70	30	0
P1_summer	summer	P1	26.07.16	pond	52.576935	13.164277	1.14	7.885	4.155	2.292	1.534	0.885	0.718	8.13	0.039	0.052	0.024	0.041	0.025	0.015	0.013	0.8	6.3	0.9	0.09	0.35	285.029	2533	7.566	0.329	20.845	1.258	0.326	0.03	0.01	29.7	0	0	100	0	0
P2_summer	summer	P2	18.07.16	pond	52.567379	13.445491	1.408	7.383	2.26	1.822	1.452	0.779	0.727	10.36	0.013	0.066	0.015	0.065	0.001	0.005	0.022	2.4	6.8	0.9	0.16	0.26	333.3	5475	8.641	0.308	21.187	1.229	0.374	0	0	129.5	16.04	0	0	30	70
P3_summer	summer	P3	28.07.16	pond	52.525732	13.25998298	1.547	5.722	2.769	2.124	1.328	0.854	0.688	11.46	0.044	0.078	0.047	0.069	0.023	0.023	0.03	2.3	8.1	1	0.19	0.38	306.844	3998	8.084	0.317	19.985	1.223	0.382	0	0	48.68	8.35	0	0	50	50
P4_summer	summer	P4	03.08.16	pond	52.57723896	13.34556498	1.028	5.172	2.902	2.552	1.695	0.806	0.795	13.484	0.092	0.058	0.043	0.117	0.06	0.045	0.047	1.1	6.8	2.4	0.24	0.28	277.127	3175	7.114	0.269	32.346	1.316	0.33	2.2	0.02	205.92	2.46	0	0	0	100
P5_summer	summer	P5	19.07.17	pond	52.612075	13.230449	1.341	7.614	4.421	1.734	1.57	0.794	0.747	11.25	0.023	0.024	0.012	0.024	0.014	0.012	0.016	1.8	7.8	1	0.22	0.33	296.456	3154	7.728	0.306	19.594	1.237	0.392	0	0	59.99	2.06	0	100	0	0
P7_summer	summer	P7	20.07.16	pond	52.552818	13.335453	1.298	8.326	3.681	2.05	1.57	0.846	0.738	14.63	0.039	0.045	0.022	0.042	0.024	0.016	0.019	1.8	11.1	1.4	0.2	0.48	328.689	4846	8.513	0.32	19.645	1.217	0.369	0	0	170.49	5.98	0	0	30	70
R1_summer	summer	R1	25.07.16	river	52.42984681	13.68911773	1.082	7.944	16.298	2.325	1.615	0.918	0.597	5.87	0.045	0.072	0.028	0.033	0.031	0	0.014	0.6	4.7	0.9	0.07	0.23	318.405	4878	8.641	0.328	18.532	1.207	0.368	0.07	0.04	46.09	0.04	0	0	100	0
R2_summer	summer	R2	04.08.16	river	52.51934962	13.31959366	1.131	7.464	3.792	2.3	1.577	0.836	0.76	6.58	0.052	0.069	0.029	0.071	0.034	0.027	0.03	0.8	4.8	0.8	0.1	0.24	314.331	4959	8.447	0.31	20.246	1.224	0.379	0.52	0.3	172.52	0	0	0	80	20
R3_summer	summer	R3	19.07.16	river	52.536128	13.216222	1.129	7.233	2.864	2.266	1.648	0.837	0.81	7.64	0.07	0.071	0.035	0.081	0.048	0.041	0.033	0.8	5.5	1.1	0.08	0.27	327.646	5515	8.782	0.304	19.674	1.225	0.388	0.33	1.97	131.24	0.04	0	0	100	0
R4_summer	summer	R4	26.07.16	river	52.57816985	13.1650865	1.082	8.028	5.996	2.326	1.523	0.884	0.697	7.95	0.064	0.09	0.041	0.069	0.041	0.024	0.021	0.6	6.4	0.8	0.08	0.35	321.586	4887	8.613	0.315	20.606	1.235	0.357	0.02	0.07	32.08	0	0	100	0	0
R5_summer	summer	R5	21.07.16	river	52.48935993	13.43949122	1.054	7.298	3.494	2.314	1.73	0.819	0.847	7.6	0.067	0.055	0.033	0.07	0.048	0.046	0.032	0.8	5.7	1.2	0.09	0.32	319.532	5162	8.512	0.312	20.38	1.226	0.374	0.26	2.01	97.65	0.43	0	0	30	70
R6_summer	summer	R6	21.07.16	river	52.4713667	13.49683056	1.13	8.254	4.133	2.193	1.599	0.846	0.773	6.82	0.055	0.065	0.031	0.06	0.037	0.033	0.025	0.7	5	0.9	0.04	0.2	318.467	5069	8.707	0.322	18.268	1.211	0.377	0.09	0.48	65.03	0.08	0	0	100	0
R7_summer	summer	R7	04.08.16	river	52.53689834	13.36759013	0.98	5.893	3.324	2.524	1.858	0.827	0.919	10.07	0.141	0.036	0.07	0.118	0.122	0.086	0.05	0.6	7	1.4	0.12	0.3	316.265	5120	8.402	0.31	21.289	1.23	0.373	0.09	6.96	433.62	0.62	0	0	60	40
S1_summer	summer	S1	20.07.16	stream	52.582089	13.38594	1.001	5.768	3.436	2.808	1.698	0.856	0.824	11.44	0.102	0.067	0.058	0.077	0.081	0.061	0.035	0.6	8.9	1.8	0.09	0.55	323.43	5219	8.8	0.318	18.337	1.21	0.385	0.02	0.12	236.08	0.22	0	0	95	5
S2_summer	summer	S2	20.07.16	stream	52.564883	13.34918	1.287	6.653	2.75	2.195	1.563	0.812	0.763	7.88	0.046	0.06	0.027	0.099	0.031	0.02	0.038	2	4.8	1.1	0.16	0.2	317.449	5198	8.43	0.306	22.278	1.236	0.368	0.52	0.28	81.21	1.57	0	0	50	50
S3_summer	summer	S3	14.07.16	stream	52.623837	13.468827	0.811	6.307	4.554	2.843	1.627	0.932	0.667	16.78	0.106	0.097	0.069	0.082	0.087	0.019	0.015	0.6	13.5	1.4	0.08	0.83	320.083	4886	8.781	0.334	16.946	1.196	0.37	0.13	1.04	1381.05	3.86	0	100	0	0
S5_summer	summer	S5	25.07.16	stream	52.45888	13.612446	1.026	5.561	3.025	2.247	1.962	0.776	0.99	11.44	0.131	0.015	0.058	0.073	0.118	0.109	0.058	0.8	7.1	2.1	0.17	0.35	310.525	4708	8.227	0.303	21.24	1.239	0.382	0.05	6.85	378.57	0	0	50	50	0
S6_summer	summer	S6	29.07.16	stream	52.620652	13.410893	0.879	5.19	2.735	3.072	1.472	0.846	0.623	11.45	0.074	0.093	0.052	0.103	0.046	0.022	0.046	1.4	7.6	1.6	0.17	0.36	318.596	5297	8.191	0.295	25.411	1.253	0.366	1.12	0.42	383.96	0	50	0	30	20
S7_summer	summer	S7	21.07.16	stream	52.415131	13.562802	1.045	6.326	2.6	3.074	1.512	0.857	0.646	9.62	0.082	0.128	0.048	0.164	0.046	0.029	0.045	0.7	6.4	1.7	0.09	0.22	NA	NA	NA	NA	NA	NA	NA	1.17	0	272.36	5.05	0	0	100	0
H1_winter	winter	H1	03.03.17	river	52.4423916	13.32454071	1.036	6.236	2.827	2.158	1.725	0.846	0.804	7.9	0.091	0.048	0.047	0.076	0.07	0.035	0.033	0.5	4.6	1.1	0.08	0.25	318.999	4972	8.567	0.318	19.107	1.214	0.38	0.09	0.06	83.67	3.88	0	0	60	30
H2_winter	winter	H2	27.02.17	river	52.42641871	13.52039181	1.062	5.63	2.578	2.249	1.753	0.824	0.844	9.19	0.104	0.033	0.053	0.08	0.082	0.044	0.042	0.6	5.1	1.5	0.14	0.34	330.801	5316	8.613	0.311	20.203	1.226	0.378	0.25	0.22	148.33	4.05	0	0	100	0
H3_winter	winter	H3	05.03.17	stream	52.5256244	13.57913257	0.934	7.048	15.699	0.497	1.583	0.853	0.701	29.81	0.018	0.02	0.011	0.033	0.012	0.005	0.009	0.4	3.3	1.1	0.06	0.14	315.686	4909	8.176	0.294	23.121	1.242	0.382	0.82	0.05	122.33	0.03	50	0	50	0
H4_winter	winter	H4	28.02.17	stream	52.63441954	13.38013089	0.89	6.369	2.938	2.606	1.567	0.908	0.667	10.27	0.086	0.083	0.055	0.064	0.066	0.018	0.021	0.5	7	0.9	0.09	0.4	317.798	4059	8.664	0.341	15.398	1.181	0.383	0.38	0.03	101.67	-0.41	50	0	10	40
L1_winter	winter	L1	10.03.17	lake	52.50331324	13.54970371	1.108	7.086	1.876	1.418	1.594	0.864	0.764	4.03	0.05	0.058	0.027	0.064	0.036	0.02	0.022	0.1	1.5	0.4	0.02	0.05	327.199	5051	9.062	0.326	15.284	1.192	0.389	0.03	0.01	13.67	6.61	0	0	50	50
L2_winter	winter	L2	14.03.17	lake	52.5485618	13.4897245	1.41	6.84	2.456	0.636	1.598	0.732	0.833	15.97	0.015	0.019	0.009	0.035	0.009	0.009	0.021	1.2	2.6	1	0.17	0.16	328.868	5647	8.519	0.292	22.667	1.246	0.38	0.24	0.03	150.67	3.44	0	0	50	50
L3_winter	winter	L3	20.03.17	lake	52.5437973	13.3304851	1.624	9.436	2.698	1.473	1.554	0.706	0.968	9.27	0.026	0.032	0.013	0.024	0.016	0.044	0.028	1	5.8	1.3	0.18	0.4	319.608	4731	8.38	0.309	19.658	1.231	0.377	0.27	0.02	66.33	1.26	0	0	0	100
L4_winter	winter	L4	19.03.17	lake	52.4641667	13.11488889	1.808	11.928	3.106	1.077	1.383	0.749	0.865	6.59	0.015	0.018	0.007	0.016	0.008	0.013	0.015	0.5	3.8	1	0.08	0.33	321.023	3863	8.152	0.294	18.845	1.241	0.407	0.02	0.01	16	0.95	0	10	0	90
L5_winter	winter	L5	04.03.17	lake	52.44309799	13.14452751	1.022	7.735	3.487	2.033	1.66	0.871	0.766	7.16	0.075	0.07	0.04	0.069	0.055	0.031	0.025	0.4	4.3	1	0.07	0.26	315.795	4582	8.71	0.327	16.237	1.195	0.391	0.18	0.05	48	0.47	0	0	100	0
L6_winter	winter	L6	12.03.17	lake	52.44065713	13.21183326	1.224	9.343	4.089	1.671	1.695	0.794	0.902	6.2	0.054	0.051	0.026	0.064	0.036	0.043	0.033	0.3	3.3	1	0.04	0.26	317.425	4545	8.721	0.325	15.622	1.197	0.391	0.05	0.02	16	0	0	60	30	10
L7_winter	winter	L7	10.03.17	lake	52.438367	13.645103	0.952	7.999	6.461	1.787	1.603	0.882	0.706	7.03	0.058	0.068	0.031	0.057	0.038	0.019	0.017	0.3	3.5	0.7	0.04	0.19	328.051	5199	9.078	0.325	16.099	1.195	0.387	0.08	0.02	26	0	0	70	30	0
P1_winter	winter	P1	12.03.17	pond	52.576935	13.164277	1.049	7.83	3.576	2.159	1.518	0.896	0.693	8.16	0.062	0.078	0.039	0.057	0.043	0.019	0.017	0.6	5.2	0.7	0.08	0.36	326.593	5134	9.038	0.328	15.972	1.193	0.387	0.02	0.02	28.67	0.9	0	100	0	0
P2_winter	winter	P2	13.03.17	pond	52.567379	13.445491	1.193	5.795	3.074	2.237	1.493	0.831	0.734	7.61	0.036	0.045	0.025	0.043	0.021	0.018	0.024	0.9	4	1	0.12	0.21	337.207	5550	8.715	0.307	20.793	1.227	0.377	0.02	0.01	81	14.86	0	0	30	70
P3_winter	winter	P3	07.03.17	pond	52.525732	13.25998298	1.3	7.041	2.903	1.772	1.503	0.774	0.678	8.02	0.028	0.027	0.016	0.026	0.016	0.009	0.024	1	4.2	0.8	0.09	0.24	306.459	3504	7.975	0.32	18.465	1.212	0.396	0.02	0.01	27.33	0.6	0	0	50	50
P4_winter	winter	P4	07.03.17	pond	52.57723896	13.34556498	1.144	5.309	2.029	1.938	1.522	0.763	0.729	5.89	0.049	0.054	0.027	0.104	0.027	0.019	0.049	0.4	1.9	1.2	0.07	0.09	323.647	5294	8.024	0.285	26.521	1.266	0.369	0.76	0.04	56.33	0	0	0	0	100
P5_winter	winter	P5	03.03.17	pond	52.612075	13.230449	1.352	6.692	3.555	1.698	1.529	0.876	0.669	10.4	0.033	0.03	0.016	0.022	0.019	0	0.015	1.4	5.7	1.2	0.23	0.36	321.522	4273	8.111	0.317	21.156	1.226	0.368	0.01	0.01	99	5.89	0	100	0	0
P6_winter	winter	P6	03.03.17	pond	52.638826	13.273774	1.155	4.32	1.861	2.448	1.48	0.722	0.574	9.22	0.04	0.031	0.029	0.042	0.025	0.011	0.055	1.1	3.9	1.2	0.08	0.29	312.318	4045	7.903	0.302	26.873	1.253	0.362	0.19	0.03	196.67	5.15	0	0	65	35
P7_winter	winter	P7	05.03.17	pond	52.552818	13.335453	1.311	7.999	3.639	2.223	1.521	0.841	0.723	12.61	0.036	0.043	0.021	0.036	0.019	0.012	0.02	1.2	9	1.5	0.15	0.55	332.332	5235	9.006	0.317	17.116	1.205	0.39	0.02	0.01	222.33	3.45	0	0	30	70
R1_winter	winter	R1	05.03.17	river	52.42984681	13.68911773	0.885	7.156	6.157	2.332	1.602	0.898	0.672	6.93	0.071	0.077	0.042	0.059	0.051	0.017	0.018	0.3	4.3	1	0.05	0.24	325.607	4859	8.994	0.337	15.106	1.182	0.383	0.07	0.02	35	0	0	0	100	0
R2_winter	winter	R2	01.03.17	river	52.51934962	13.31959366	0.94	8.443	49.762	1.997	1.597	0.893	0.722	6.54	0.073	0.081	0.04	0.068	0.051	0.018	0.021	0.3	3.9	0.7	0.05	0.21	319.451	4739	8.81	0.327	16.079	1.194	0.387	0.13	0.04	34	1.31	0	0	80	20
R3_winter	winter	R3	01.03.17	river	52.536128	13.216222	0.919	8.191	75.129	2.024	1.587	0.89	0.72	6.59	0.065	0.071	0.036	0.062	0.046	0.021	0.019	0.3	4.1	0.8	0.05	0.23	316.071	4846	8.716	0.329	17.437	1.2	0.377	0.1	0.02	28.67	1.64	0	0	100	0
R4_winter	winter	R4	06.03.17	river	52.57816985	13.1650865	1.049	7.704	3.685	2.103	1.548	0.9	0.681	8.6	0.059	0.075	0.038	0.053	0.041	0.016	0.015	0.6	5.3	0.8	0.06	0.34	330.107	5065	9.038	0.329	15.795	1.192	0.387	0.03	0.01	24.67	0	0	100	0	0
R5_winter	winter	R5	01.03.17	river	52.48935993	13.43949122	1.081	7.619	4.044	1.917	1.634	0.847	0.759	7.1	0.061	0.059	0.032	0.063	0.044	0.024	0.027	0.4	4	1.1	0.06	0.19	321.853	5028	8.469	0.31	20.306	1.224	0.379	0.72	0.03	122.33	6.42	0	0	30	70
R6_winter	winter	R6	01.03.17	river	52.4713667	13.49683056	0.968	6.773	5.7	2.343	1.652	0.848	0.755	7.66	0.092	0.078	0.049	0.116	0.066	0.039	0.038	0.3	4.1	1.2	0.05	0.21	320.223	5009	8.822	0.327	17.189	1.199	0.379	0.09	0.02	42	5.41	0	0	100	0
R7_winter	winter	R7	05.03.17	river	52.53689834	13.36759013	0.987	5.774	2.948	2.33	1.841	0.828	0.875	10.53	0.134	0.031	0.068	0.097	0.117	0.064	0.049	0.5	5.7	1.9	0.14	0.41	327.158	5382	8.634	0.309	19.937	1.225	0.381	0.08	0.03	114.67	0	0	0	60	40
S1_winter	winter	S1	02.03.17	stream	52.582089	13.38594	0.797	7.573	6.455	2.928	1.56	0.937	0.642	13.78	0.092	0.118	0.071	0.078	0.074	0.018	0.013	0.2	10.3	1.3	0.05	0.62	314.528	4679	8.715	0.341	16.627	1.19	0.367	0.11	0.02	55	0	0	0	95	5
S2_winter	winter	S2	02.03.17	stream	52.564883	13.34918	1.177	4.793	1.777	1.896	1.511	0.785	0.673	6.74	0.055	0.067	0.038	0.135	0.033	0.02	0.056	0.4	2.4	1.4	0.06	0.13	318.697	5080	7.811	0.278	28.366	1.28	0.359	0.48	0.06	103.33	4.86	0	0	50	50
S3_winter	winter	S3	02.03.17	stream	52.623837	13.468827	0.821	7.724	4.578	2.535	1.623	0.931	0.685	16.25	0.088	0.084	0.053	0.072	0.069	0.017	0.011	0.5	11.1	1.7	0.09	0.92	314.484	4158	8.708	0.339	14.478	1.181	0.387	0.07	0.04	649	23.45	0	100	0	0
S4_winter	winter	S4	07.03.17	stream	52.628808	13.453148	0.767	5.38	4.252	2.824	1.598	0.895	0.672	16.67	0.082	0.061	0.044	0.055	0.056	0.016	0.022	1	9.8	2.6	0.25	0.73	315.45	4495	8.506	0.333	18.398	1.201	0.369	0.05	0.01	86	0.98	100	0	0	0
S5_winter	winter	S5	27.02.17	stream	52.45888	13.612446	1.098	4.95	2.003	2.308	1.897	0.769	0.883	10.56	0.144	0.016	0.069	0.093	0.112	0.071	0.079	0.6	5.1	2.2	0.18	0.33	313.799	4827	8.238	0.307	22.022	1.236	0.374	3.52	0.12	162	0.18	0	50	50	0
S6_winter	winter	S6	28.02.17	stream	52.620652	13.410893	0.903	5.225	3.479	2.847	1.423	0.823	0.657	5.94	0.065	0.075	0.055	0.102	0.044	0.023	0.045	0.5	3.1	0.9	0.09	0.17	304.266	3963	8.154	0.319	20.918	1.21	0.384	0.03	0.04	122	0.34	50	0	30	20
S7_winter	winter	S7	28.02.17	stream	52.415131	13.562802	0.866	6.392	3.425	2.331	1.598	0.912	0.685	5.79	0.071	0.076	0.048	0.071	0.058	0.021	0.016	0	3.5	0.6	0	0.15	326.809	4698	8.968	0.334	14.857	1.183	0.387	0.08	0.02	13.67	0	0	0	100	0